1000
1 0
2 1
3 2
4 3
5 4
6 5
7 6
8 7
9 8
10 9
11 10
12 11
13 12
14 13
15 14
16 15
17 16
18 17
19 18
20 19
21 20
22 21
23 22
24 23
25 24
26 25
27 26
28 27
29 28
30 29
31 30
32 31
33 32
34 33
35 34
36 35
37 36
38 37
39 38
40 39
41 40
42 41
43 42
44 43
45 44
46 45
47 46
48 47
49 48
50 49
51 50
52 51
53 52
54 53
55 54
56 55
57 56
58 57
59 58
60 59
61 60
62 61
63 62
64 63
65 64
66 65
67 66
68 67
69 68
70 69
71 70
72 71
73 72
74 73
75 74
76 75
77 76
78 77
79 78
80 79
81 80
82 81
83 82
84 83
85 84
86 85
87 86
88 87
89 88
90 89
91 90
92 91
93 92
94 93
95 94
96 95
97 96
98 97
99 98
100 99
101 100
102 101
103 102
104 103
105 104
106 105
107 106
108 107
109 108
110 109
111 110
112 111
113 112
114 113
115 114
116 115
117 116
118 117
119 118
120 119
121 120
122 121
123 122
124 123
125 124
126 125
127 126
128 127
129 128
130 129
131 130
132 131
133 132
134 133
135 134
136 135
137 136
138 137
139 138
140 139
141 140
142 141
143 142
144 143
145 144
146 145
147 146
148 147
149 148
150 149
151 150
152 151
153 152
154 153
155 154
156 155
157 156
158 157
159 158
160 159
161 160
162 161
163 162
164 163
165 164
166 165
167 166
168 167
169 168
170 169
171 170
172 171
173 172
174 173
175 174
176 175
177 176
178 177
179 178
180 179
181 180
182 181
183 182
184 183
185 184
186 185
187 186
188 187
189 188
190 189
191 190
192 191
193 192
194 193
195 194
196 195
197 196
198 197
199 198
200 199
201 200
202 201
203 202
204 203
205 204
206 205
207 206
208 207
209 208
210 209
211 210
212 211
213 212
214 213
215 214
216 215
217 216
218 217
219 218
220 219
221 220
222 221
223 222
224 223
225 224
226 225
227 226
228 227
229 228
230 229
231 230
232 231
233 232
234 233
235 234
236 235
237 236
238 237
239 238
240 239
241 240
242 241
243 242
244 243
245 244
246 245
247 246
248 247
249 248
250 249
251 250
252 251
253 252
254 253
255 254
256 255
257 256
258 257
259 258
260 259
261 260
262 261
263 262
264 263
265 264
266 265
267 266
268 267
269 268
270 269
271 270
272 271
273 272
274 273
275 274
276 275
277 276
278 277
279 278
280 279
281 280
282 281
283 282
284 283
285 284
286 285
287 286
288 287
289 288
290 289
291 290
292 291
293 292
294 293
295 294
296 295
297 296
298 297
299 298
300 299
301 300
302 301
303 302
304 303
305 304
306 305
307 306
308 307
309 308
310 309
311 310
312 311
313 312
314 313
315 314
316 315
317 316
318 317
319 318
320 319
321 320
322 321
323 322
324 323
325 324
326 325
327 326
328 327
329 328
330 329
331 330
332 331
333 332
334 333
335 334
336 335
337 336
338 337
339 338
340 339
341 340
342 341
343 342
344 343
345 344
346 345
347 346
348 347
349 348
350 349
351 350
352 351
353 352
354 353
355 354
356 355
357 356
358 357
359 358
360 359
361 360
362 361
363 362
364 363
365 364
366 365
367 366
368 367
369 368
370 369
371 370
372 371
373 372
374 373
375 374
376 375
377 376
378 377
379 378
380 379
381 380
382 381
383 382
384 383
385 384
386 385
387 386
388 387
389 388
390 389
391 390
392 391
393 392
394 393
395 394
396 395
397 396
398 397
399 398
400 399
401 400
402 401
403 402
404 403
405 404
406 405
407 406
408 407
409 408
410 409
411 410
412 411
413 412
414 413
415 414
416 415
417 416
418 417
419 418
420 419
421 420
422 421
423 422
424 423
425 424
426 425
427 426
428 427
429 428
430 429
431 430
432 431
433 432
434 433
435 434
436 435
437 436
438 437
439 438
440 439
441 440
442 441
443 442
444 443
445 444
446 445
447 446
448 447
449 448
450 449
451 450
452 451
453 452
454 453
455 454
456 455
457 456
458 457
459 458
460 459
461 460
462 461
463 462
464 463
465 464
466 465
467 466
468 467
469 468
470 469
471 470
472 471
473 472
474 473
475 474
476 475
477 476
478 477
479 478
480 479
481 480
482 481
483 482
484 483
485 484
486 485
487 486
488 487
489 488
490 489
491 490
492 491
493 492
494 493
495 494
496 495
497 496
498 497
499 498
500 499
501 500
502 501
503 502
504 503
505 504
506 505
507 506
508 507
509 508
510 509
511 510
512 511
513 512
514 513
515 514
516 515
517 516
518 517
519 518
520 519
521 520
522 521
523 522
524 523
525 524
526 525
527 526
528 527
529 528
530 529
531 530
532 531
533 532
534 533
535 534
536 535
537 536
538 537
539 538
540 539
541 540
542 541
543 542
544 543
545 544
546 545
547 546
548 547
549 548
550 549
551 550
552 551
553 552
554 553
555 554
556 555
557 556
558 557
559 558
560 559
561 560
562 561
563 562
564 563
565 564
566 565
567 566
568 567
569 568
570 569
571 570
572 571
573 572
574 573
575 574
576 575
577 576
578 577
579 578
580 579
581 580
582 581
583 582
584 583
585 584
586 585
587 586
588 587
589 588
590 589
591 590
592 591
593 592
594 593
595 594
596 595
597 596
598 597
599 598
600 599
601 600
602 601
603 602
604 603
605 604
606 605
607 606
608 607
609 608
610 609
611 610
612 611
613 612
614 613
615 614
616 615
617 616
618 617
619 618
620 619
621 620
622 621
623 622
624 623
625 624
626 625
627 626
628 627
629 628
630 629
631 630
632 631
633 632
634 633
635 634
636 635
637 636
638 637
639 638
640 639
641 640
642 641
643 642
644 643
645 644
646 645
647 646
648 647
649 648
650 649
651 650
652 651
653 652
654 653
655 654
656 655
657 656
658 657
659 658
660 659
661 660
662 661
663 662
664 663
665 664
666 665
667 666
668 667
669 668
670 669
671 670
672 671
673 672
674 673
675 674
676 675
677 676
678 677
679 678
680 679
681 680
682 681
683 682
684 683
685 684
686 685
687 686
688 687
689 688
690 689
691 690
692 691
693 692
694 693
695 694
696 695
697 696
698 697
699 698
700 699
701 700
702 701
703 702
704 703
705 704
706 705
707 706
708 707
709 708
710 709
711 710
712 711
713 712
714 713
715 714
716 715
717 716
718 717
719 718
720 719
721 720
722 721
723 722
724 723
725 724
726 725
727 726
728 727
729 728
730 729
731 730
732 731
733 732
734 733
735 734
736 735
737 736
738 737
739 738
740 739
741 740
742 741
743 742
744 743
745 744
746 745
747 746
748 747
749 748
750 749
751 750
752 751
753 752
754 753
755 754
756 755
757 756
758 757
759 758
760 759
761 760
762 761
763 762
764 763
765 764
766 765
767 766
768 767
769 768
770 769
771 770
772 771
773 772
774 773
775 774
776 775
777 776
778 777
779 778
780 779
781 780
782 781
783 782
784 783
785 784
786 785
787 786
788 787
789 788
790 789
791 790
792 791
793 792
794 793
795 794
796 795
797 796
798 797
799 798
800 799
801 800
802 801
803 802
804 803
805 804
806 805
807 806
808 807
809 808
810 809
811 810
812 811
813 812
814 813
815 814
816 815
817 816
818 817
819 818
820 819
821 820
822 821
823 822
824 823
825 824
826 825
827 826
828 827
829 828
830 829
831 830
832 831
833 832
834 833
835 834
836 835
837 836
838 837
839 838
840 839
841 840
842 841
843 842
844 843
845 844
846 845
847 846
848 847
849 848
850 849
851 850
852 851
853 852
854 853
855 854
856 855
857 856
858 857
859 858
860 859
861 860
862 861
863 862
864 863
865 864
866 865
867 866
868 867
869 868
870 869
871 870
872 871
873 872
874 873
875 874
876 875
877 876
878 877
879 878
880 879
881 880
882 881
883 882
884 883
885 884
886 885
887 886
888 887
889 888
890 889
891 890
892 891
893 892
894 893
895 894
896 895
897 896
898 897
899 898
900 899
901 900
902 901
903 902
904 903
905 904
906 905
907 906
908 907
909 908
910 909
911 910
912 911
913 912
914 913
915 914
916 915
917 916
918 917
919 918
920 919
921 920
922 921
923 922
924 923
925 924
926 925
927 926
928 927
929 928
930 929
931 930
932 931
933 932
934 933
935 934
936 935
937 936
938 937
939 938
940 939
941 940
942 941
943 942
944 943
945 944
946 945
947 946
948 947
949 948
950 949
951 950
952 951
953 952
954 953
955 954
956 955
957 956
958 957
959 958
960 959
961 960
962 961
963 962
964 963
965 964
966 965
967 966
968 967
969 968
970 969
971 970
972 971
973 972
974 973
975 974
976 975
977 976
978 977
979 978
980 979
981 980
982 981
983 982
984 983
985 984
986 985
987 986
988 987
989 988
990 989
991 990
992 991
993 992
994 993
995 994
996 995
997 996
998 997
999 998
1000 999
2000
1 2 575
2 3 189
3 4 80
4 5 31
5 6 168
6 7 200
7 8 307
8 9 391
9 10 688
10 11 530
11 12 965
12 13 78
13 14 539
14 15 472
15 16 483
16 17 24
17 18 208
18 19 425
19 20 60
20 21 458
21 22 184
22 23 111
23 24 482
24 25 589
25 26 741
26 27 481
27 28 153
28 29 711
29 30 561
30 31 224
31 32 848
32 33 867
33 34 869
34 35 792
35 36 382
36 37 338
37 38 179
38 39 625
39 40 15
40 41 58
41 42 405
42 43 391
43 44 847
44 45 598
45 46 135
46 47 623
47 48 813
48 49 734
49 50 50
50 51 740
51 52 380
52 53 96
53 54 51
54 55 352
55 56 910
56 57 751
57 58 76
58 59 998
59 60 818
60 61 771
61 62 338
62 63 216
63 64 576
64 65 929
65 66 559
66 67 780
67 68 962
68 69 53
69 70 712
70 71 413
71 72 173
72 73 925
73 74 937
74 75 615
75 76 808
76 77 360
77 78 727
78 79 338
79 80 957
80 81 30
81 82 758
82 83 819
83 84 398
84 85 57
85 86 21
86 87 767
87 88 985
88 89 773
89 90 967
90 91 226
91 92 774
92 93 148
93 94 355
94 95 984
95 96 577
96 97 910
97 98 214
98 99 481
99 100 492
100 101 583
101 102 503
102 103 82
103 104 951
104 105 984
105 106 891
106 107 657
107 108 66
108 109 442
109 110 411
110 111 129
111 112 569
112 113 905
113 114 11
114 115 744
115 116 833
116 117 982
117 118 900
118 119 821
119 120 43
120 121 839
121 122 892
122 123 525
123 124 902
124 125 699
125 126 700
126 127 831
127 128 826
128 129 608
129 130 162
130 131 727
131 132 435
132 133 496
133 134 504
134 135 41
135 136 850
136 137 308
137 138 549
138 139 247
139 140 90
140 141 319
141 142 659
142 143 860
143 144 945
144 145 198
145 146 857
146 147 97
147 148 358
148 149 670
149 150 481
150 151 559
151 152 58
152 153 910
153 154 860
154 155 759
155 156 34
156 157 743
157 158 69
158 159 719
159 160 940
160 161 834
161 162 403
162 163 854
163 164 279
164 165 824
165 166 579
166 167 745
167 168 88
168 169 512
169 170 182
170 171 151
171 172 147
172 173 852
173 174 231
174 175 50
175 176 254
176 177 221
177 178 175
178 179 199
179 180 508
180 181 81
181 182 540
182 183 920
183 184 417
184 185 489
185 186 479
186 187 759
187 188 97
188 189 760
189 190 214
190 191 190
191 192 942
192 193 705
193 194 930
194 195 397
195 196 234
196 197 760
197 198 113
198 199 844
199 200 985
200 201 292
201 202 734
202 203 801
203 204 291
204 205 675
205 206 567
206 207 804
207 208 376
208 209 902
209 210 679
210 211 338
211 212 236
212 213 639
213 214 766
214 215 191
215 216 910
216 217 697
217 218 958
218 219 630
219 220 276
220 221 694
221 222 799
222 223 678
223 224 497
224 225 191
225 226 405
226 227 165
227 228 601
228 229 423
229 230 400
230 231 568
231 232 268
232 233 352
233 234 677
234 235 903
235 236 298
236 237 507
237 238 555
238 239 115
239 240 758
240 241 946
241 242 144
242 243 73
243 244 126
244 245 929
245 246 597
246 247 315
247 248 738
248 249 660
249 250 335
250 251 677
251 252 474
252 253 882
253 254 936
254 255 965
255 256 909
256 257 267
257 258 790
258 259 470
259 260 407
260 261 861
261 262 489
262 263 503
263 264 842
264 265 245
265 266 83
266 267 432
267 268 273
268 269 69
269 270 67
270 271 556
271 272 97
272 273 136
273 274 714
274 275 470
275 276 713
276 277 462
277 278 386
278 279 821
279 280 204
280 281 284
281 282 484
282 283 9
283 284 460
284 285 355
285 286 721
286 287 955
287 288 657
288 289 221
289 290 875
290 291 592
291 292 234
292 293 51
293 294 877
294 295 119
295 296 483
296 297 66
297 298 392
298 299 331
299 300 576
300 301 703
301 302 191
302 303 362
303 304 120
304 305 33
305 306 597
306 307 559
307 308 326
308 309 446
309 310 774
310 311 357
311 312 324
312 313 89
313 314 339
314 315 405
315 316 185
316 317 74
317 318 234
318 319 674
319 320 861
320 321 422
321 322 286
322 323 83
323 324 922
324 325 432
325 326 970
326 327 9
327 328 374
328 329 688
329 330 108
330 331 281
331 332 822
332 333 755
333 334 928
334 335 116
335 336 804
336 337 276
337 338 601
338 339 341
339 340 316
340 341 250
341 342 544
342 343 691
343 344 452
344 345 369
345 346 974
346 347 448
347 348 930
348 349 693
349 350 468
350 351 32
351 352 747
352 353 12
353 354 13
354 355 694
355 356 336
356 357 68
357 358 234
358 359 884
359 360 571
360 361 598
361 362 31
362 363 930
363 364 651
364 365 657
365 366 796
366 367 521
367 368 229
368 369 281
369 370 135
370 371 856
371 372 60
372 373 937
373 374 463
374 375 942
375 376 882
376 377 966
377 378 756
378 379 921
379 380 231
380 381 262
381 382 165
382 383 759
383 384 16
384 385 450
385 386 346
386 387 451
387 388 596
388 389 256
389 390 508
390 391 810
391 392 76
392 393 524
393 394 97
394 395 502
395 396 265
396 397 607
397 398 228
398 399 634
399 400 114
400 401 544
401 402 901
402 403 112
403 404 725
404 405 499
405 406 749
406 407 656
407 408 14
408 409 567
409 410 653
410 411 113
411 412 415
412 413 61
413 414 983
414 415 5
415 416 943
416 417 501
417 418 940
418 419 344
419 420 149
420 421 915
421 422 384
422 423 969
423 424 526
424 425 274
425 426 843
426 427 116
427 428 118
428 429 663
429 430 177
430 431 399
431 432 355
432 433 106
433 434 204
434 435 620
435 436 968
436 437 321
437 438 369
438 439 655
439 440 961
440 441 101
441 442 696
442 443 584
443 444 298
444 445 224
445 446 96
446 447 275
447 448 509
448 449 247
449 450 515
450 451 406
451 452 396
452 453 197
453 454 901
454 455 898
455 456 667
456 457 737
457 458 331
458 459 702
459 460 154
460 461 881
461 462 506
462 463 880
463 464 722
464 465 86
465 466 717
466 467 861
467 468 237
468 469 785
469 470 435
470 471 724
471 472 171
472 473 343
473 474 55
474 475 94
475 476 258
476 477 657
477 478 362
478 479 888
479 480 805
480 481 311
481 482 391
482 483 100
483 484 64
484 485 415
485 486 85
486 487 557
487 488 419
488 489 808
489 490 994
490 491 154
491 492 878
492 493 171
493 494 62
494 495 957
495 496 388
496 497 844
497 498 638
498 499 587
499 500 3
500 501 902
501 502 346
502 503 926
503 504 267
504 505 381
505 506 193
506 507 906
507 508 156
508 509 120
509 510 852
510 511 358
511 512 325
512 513 862
513 514 720
514 515 700
515 516 138
516 517 807
517 518 871
518 519 954
519 520 878
520 521 463
521 522 865
522 523 105
523 524 817
524 525 447
525 526 375
526 527 469
527 528 940
528 529 125
529 530 73
530 531 286
531 532 531
532 533 373
533 534 648
534 535 751
535 536 281
536 537 311
537 538 406
538 539 790
539 540 419
540 541 603
541 542 317
542 543 11
543 544 741
544 545 379
545 546 254
546 547 140
547 548 626
548 549 544
549 550 715
550 551 520
551 552 11
552 553 759
553 554 39
554 555 691
555 556 525
556 557 244
557 558 956
558 559 537
559 560 367
560 561 912
561 562 652
562 563 414
563 564 804
564 565 600
565 566 636
566 567 806
567 568 119
568 569 846
569 570 590
570 571 248
571 572 956
572 573 492
573 574 31
574 575 64
575 576 831
576 577 654
577 578 273
578 579 397
579 580 791
580 581 719
581 582 985
582 583 736
583 584 658
584 585 991
585 586 443
586 587 15
587 588 39
588 589 563
589 590 300
590 591 937
591 592 768
592 593 37
593 594 377
594 595 467
595 596 135
596 597 374
597 598 54
598 599 282
599 600 858
600 601 705
601 602 474
602 603 753
603 604 242
604 605 98
605 606 945
606 607 853
607 608 312
608 609 791
609 610 729
610 611 719
611 612 689
612 613 358
613 614 33
614 615 43
615 616 372
616 617 303
617 618 607
618 619 223
619 620 961
620 621 563
621 622 817
622 623 797
623 624 181
624 625 109
625 626 79
626 627 604
627 628 323
628 629 952
629 630 95
630 631 492
631 632 221
632 633 921
633 634 152
634 635 817
635 636 235
636 637 966
637 638 459
638 639 834
639 640 779
640 641 671
641 642 334
642 643 18
643 644 401
644 645 180
645 646 195
646 647 158
647 648 41
648 649 152
649 650 890
650 651 657
651 652 915
652 653 100
653 654 434
654 655 901
655 656 518
656 657 815
657 658 653
658 659 562
659 660 729
660 661 748
661 662 933
662 663 636
663 664 798
664 665 605
665 666 249
666 667 920
667 668 455
668 669 263
669 670 189
670 671 46
671 672 461
672 673 21
673 674 705
674 675 246
675 676 31
676 677 65
677 678 952
678 679 996
679 680 496
680 681 537
681 682 251
682 683 934
683 684 780
684 685 191
685 686 455
686 687 848
687 688 100
688 689 619
689 690 597
690 691 277
691 692 200
692 693 644
693 694 425
694 695 265
695 696 125
696 697 413
697 698 757
698 699 277
699 700 144
700 701 853
701 702 735
702 703 187
703 704 769
704 705 577
705 706 216
706 707 626
707 708 706
708 709 358
709 710 302
710 711 516
711 712 442
712 713 2
713 714 948
714 715 870
715 716 461
716 717 314
717 718 240
718 719 895
719 720 655
720 721 66
721 722 774
722 723 421
723 724 609
724 725 144
725 726 947
726 727 589
727 728 611
728 729 777
729 730 269
730 731 841
731 732 635
732 733 296
733 734 913
734 735 535
735 736 981
736 737 156
737 738 916
738 739 47
739 740 43
740 741 26
741 742 694
742 743 333
743 744 222
744 745 403
745 746 372
746 747 321
747 748 654
748 749 576
749 750 62
750 751 883
751 752 782
752 753 10
753 754 576
754 755 170
755 756 388
756 757 214
757 758 20
758 759 862
759 760 536
760 761 210
761 762 671
762 763 836
763 764 218
764 765 545
765 766 683
766 767 795
767 768 553
768 769 117
769 770 846
770 771 437
771 772 753
772 773 502
773 774 793
774 775 416
775 776 125
776 777 909
777 778 979
778 779 110
779 780 310
780 781 78
781 782 639
782 783 305
783 784 258
784 785 318
785 786 763
786 787 971
787 788 456
788 789 520
789 790 914
790 791 997
791 792 891
792 793 535
793 794 221
794 795 686
795 796 509
796 797 551
797 798 61
798 799 719
799 800 814
800 801 900
801 802 716
802 803 996
803 804 501
804 805 144
805 806 173
806 807 389
807 808 543
808 809 231
809 810 521
810 811 30
811 812 405
812 813 782
813 814 676
814 815 476
815 816 498
816 817 699
817 818 695
818 819 706
819 820 526
820 821 350
821 822 351
822 823 794
823 824 773
824 825 120
825 826 6
826 827 855
827 828 612
828 829 355
829 830 440
830 831 714
831 832 500
832 833 954
833 834 768
834 835 588
835 836 511
836 837 10
837 838 700
838 839 924
839 840 43
840 841 626
841 842 654
842 843 681
843 844 941
844 845 647
845 846 325
846 847 131
847 848 559
848 849 411
849 850 28
850 851 293
851 852 797
852 853 990
853 854 497
854 855 869
855 856 453
856 857 878
857 858 945
858 859 775
859 860 422
860 861 227
861 862 730
862 863 310
863 864 986
864 865 342
865 866 841
866 867 884
867 868 30
868 869 779
869 870 149
870 871 885
871 872 297
872 873 196
873 874 99
874 875 863
875 876 707
876 877 489
877 878 723
878 879 821
879 880 137
880 881 253
881 882 786
882 883 852
883 884 566
884 885 586
885 886 506
886 887 261
887 888 540
888 889 31
889 890 792
890 891 845
891 892 859
892 893 137
893 894 524
894 895 617
895 896 825
896 897 368
897 898 142
898 899 526
899 900 563
900 901 900
901 902 511
902 903 951
903 904 690
904 905 56
905 906 870
906 907 344
907 908 754
908 909 125
909 910 452
910 911 755
911 912 871
912 913 337
913 914 826
914 915 313
915 916 81
916 917 50
917 918 977
918 919 596
919 920 121
920 921 654
921 922 362
922 923 506
923 924 100
924 925 213
925 926 399
926 927 404
927 928 208
928 929 953
929 930 177
930 931 656
931 932 637
932 933 140
933 934 996
934 935 924
935 936 478
936 937 627
937 938 888
938 939 164
939 940 383
940 941 530
941 942 546
942 943 261
943 944 737
944 945 88
945 946 834
946 947 267
947 948 149
948 949 612
949 950 958
950 951 848
951 952 389
952 953 288
953 954 375
954 955 166
955 956 113
956 957 973
957 958 841
958 959 23
959 960 432
960 961 256
961 962 281
962 963 619
963 964 341
964 965 803
965 966 27
966 967 490
967 968 20
968 969 183
969 970 834
970 971 634
971 972 461
972 973 304
973 974 251
974 975 715
975 976 657
976 977 473
977 978 563
978 979 345
979 980 834
980 981 42
981 982 16
982 983 882
983 984 944
984 985 327
985 986 542
986 987 201
987 988 121
988 989 939
989 990 628
990 991 482
991 992 504
992 993 53
993 994 926
994 995 566
995 996 250
996 997 50
997 998 476
998 999 458
999 1000 157
236 291 499
107 817 801
222 421 772
135 685 225
732 98 450
26 243 17
795 142 255
680 141 305
897 881 315
198 505 199
988 65 911
139 544 230
290 340 394
766 579 497
853 971 232
665 888 49
283 944 795
213 528 665
176 588 882
744 25 341
718 733 591
327 581 88
751 467 179
297 44 993
491 671 993
437 329 629
652 768 238
602 91 863
758 173 721
46 187 947
752 564 633
596 437 703
226 991 376
775 335 482
793 892 492
269 915 552
964 353 84
413 215 101
73 950 176
72 964 480
762 829 821
72 198 524
276 595 606
219 181 369
300 225 921
578 42 506
698 502 241
411 884 319
163 389 333
816 642 610
973 404 638
948 606 792
977 936 748
273 796 518
124 725 314
531 63 115
977 667 924
261 964 361
865 698 507
471 969 829
240 326 174
896 394 302
903 448 467
229 848 416
642 698 437
639 10 392
199 211 609
860 685 293
857 679 963
466 57 492
348 151 450
897 416 979
915 423 15
548 397 19
221 652 608
932 91 96
715 483 202
439 638 565
498 856 344
354 468 416
858 125 36
428 683 755
826 89 634
669 755 629
118 374 562
169 399 692
555 715 220
995 561 690
763 13 523
554 447 343
176 877 635
577 783 722
295 297 534
430 949 678
569 227 640
798 821 500
524 944 722
599 404 235
989 562 551
372 611 517
931 650 750
444 472 627
843 243 540
189 279 320
858 822 334
453 307 668
220 411 651
765 298 566
565 150 825
373 551 861
953 240 813
296 321 49
191 565 709
180 947 679
827 446 428
221 150 832
888 885 161
427 716 490
484 787 474
611 344 660
111 620 331
256 751 346
653 510 305
506 913 675
275 145 636
860 525 939
640 543 207
396 215 269
892 91 265
194 214 337
951 466 376
709 286 453
503 874 652
610 584 804
429 997 689
576 996 817
802 273 947
414 962 235
547 859 74
227 381 380
269 291 887
28 981 352
798 73 4
29 288 403
122 438 679
989 235 204
328 313 172
910 897 630
559 445 926
316 490 724
475 524 999
279 921 857
346 473 531
474 834 812
590 917 735
123 881 583
377 806 233
297 498 509
373 953 334
617 641 413
919 713 884
491 206 687
148 671 440
974 464 957
677 801 389
7 892 212
228 854 473
660 558 634
207 504 221
59 46 654
653 813 981
813 773 566
54 944 689
545 270 511
73 626 946
182 606 242
636 999 411
521 339 487
121 383 765
332 432 738
79 668 138
967 248 654
384 715 890
146 35 232
985 17 732
121 497 533
948 71 250
385 147 336
213 762 90
229 839 730
57 859 337
441 402 389
142 692 236
105 940 44
48 31 656
624 158 875
829 538 334
762 954 684
760 351 304
49 332 308
977 309 162
113 697 13
443 273 439
559 396 198
163 186 823
683 479 645
67 81 183
666 847 733
545 80 586
745 93 636
101 207 780
849 662 262
762 754 188
96 734 525
238 831 21
368 852 612
531 570 259
833 538 644
725 690 15
164 509 999
25 840 116
491 275 774
472 668 878
518 960 714
576 505 913
432 951 951
547 766 12
757 82 523
138 691 671
710 406 704
717 196 518
527 29 945
835 617 594
288 662 952
540 506 564
585 192 729
652 786 20
764 245 206
420 915 969
349 784 161
645 575 251
14 565 59
644 34 955
844 574 145
696 196 409
525 958 957
81 821 332
741 546 447
362 95 242
292 448 418
389 94 778
821 160 195
53 823 465
204 256 338
802 100 835
943 441 43
596 759 435
633 636 16
91 107 693
701 293 79
333 724 439
234 977 130
571 87 908
760 159 352
933 852 909
373 140 144
434 319 203
997 121 157
240 999 550
243 383 785
396 536 280
345 352 830
295 602 620
96 566 301
852 359 843
775 610 484
166 546 419
286 633 86
616 988 559
167 982 345
462 910 151
979 988 152
701 43 603
970 60 997
655 673 63
552 197 444
694 325 514
379 55 865
82 86 409
547 981 487
673 582 81
344 775 95
421 45 759
15 666 609
418 864 617
354 779 705
87 766 962
611 451 435
691 657 637
458 302 626
695 723 766
337 749 0
955 873 213
941 496 107
895 75 533
672 789 848
373 815 195
889 832 359
278 764 608
12 742 73
940 548 788
656 408 745
317 665 226
661 805 247
502 128 523
20 793 156
849 221 686
86 322 533
190 492 802
204 784 963
954 910 444
999 161 325
365 88 66
295 208 643
835 702 599
333 673 813
122 423 909
23 721 710
922 135 74
456 36 83
120 760 185
888 320 265
441 29 99
397 863 490
753 302 983
297 8 728
582 392 296
174 588 829
169 793 35
689 233 297
23 754 681
631 238 564
78 703 229
158 544 919
153 494 333
18 363 509
173 6 609
171 871 177
234 11 888
190 56 678
560 436 244
665 461 490
797 144 540
260 400 56
14 353 808
952 199 706
894 152 399
67 703 902
938 35 705
421 432 204
29 455 421
580 222 678
913 235 367
462 383 186
791 861 759
840 286 151
141 646 158
748 992 31
227 515 908
713 594 244
279 590 124
473 37 275
209 525 885
438 343 537
747 634 978
499 493 508
930 559 262
180 319 156
877 468 134
344 501 243
763 387 299
82 558 669
933 970 199
650 693 197
2 258 161
283 811 921
550 704 666
740 518 252
966 953 215
161 962 596
516 724 740
78 370 862
505 550 411
104 921 294
269 986 208
918 163 180
872 803 264
682 81 439
96 409 962
272 792 877
438 659 992
386 399 502
982 566 189
328 860 252
605 723 318
562 483 454
366 208 713
678 600 216
342 811 271
257 144 275
621 67 872
785 588 523
275 941 329
807 492 556
436 361 451
223 866 365
929 981 163
539 393 265
443 998 504
876 627 234
843 610 878
160 397 407
734 731 174
161 301 650
644 500 380
364 934 105
470 287 771
711 796 23
237 615 680
234 745 66
59 152 668
252 135 269
96 64 405
504 644 185
175 376 998
294 478 637
258 941 546
963 121 573
742 734 4
799 290 42
591 226 238
345 430 129
956 259 337
1000 428 632
730 601 464
248 27 946
823 87 600
88 978 178
675 65 865
182 498 374
478 763 458
830 687 284
438 36 533
440 685 799
633 744 215
246 306 672
553 410 823
447 412 929
570 239 784
393 273 405
484 698 380
712 349 1
163 275 739
177 758 36
511 993 931
60 624 983
298 581 287
507 898 53
873 108 290
664 154 869
146 47 2
141 296 891
148 36 43
453 658 392
211 563 81
747 13 403
208 703 201
114 298 470
76 845 135
821 806 115
839 519 981
577 63 874
215 54 865
332 482 249
710 477 636
440 12 333
181 898 496
317 9 329
533 406 165
818 395 989
706 781 783
700 819 299
408 322 55
861 629 2
939 2 456
13 709 77
806 736 977
29 987 758
799 36 761
359 521 573
272 862 510
289 285 182
11 121 52
162 669 730
918 496 192
573 658 607
562 332 318
812 799 116
910 760 419
488 945 250
572 778 431
174 902 489
758 677 685
774 447 867
61 759 331
437 795 194
579 895 955
505 297 55
41 314 0
766 345 389
858 642 526
460 507 685
790 679 505
233 818 828
614 936 704
25 593 86
146 932 985
297 116 886
298 372 953
604 502 552
741 430 163
499 675 485
633 717 478
599 418 71
929 452 9
885 464 824
76 888 652
912 385 726
193 981 74
538 97 34
619 386 472
976 112 965
615 14 449
540 434 979
270 829 314
341 362 27
434 135 435
152 804 630
14 120 266
971 428 38
271 559 64
89 564 915
375 524 954
342 29 289
582 765 957
542 350 630
600 396 334
915 522 830
399 649 848
741 347 791
581 701 657
656 288 972
734 282 670
365 152 60
19 56 778
346 962 354
724 682 457
582 352 573
534 284 782
126 908 573
135 62 572
524 452 638
7 142 94
858 912 783
205 363 267
485 809 330
185 357 131
525 105 969
596 502 22
815 843 54
870 394 961
844 102 379
157 186 143
726 224 108
828 22 657
807 592 713
849 776 347
740 655 721
213 663 339
772 663 528
547 258 221
2 153 954
446 852 586
43 121 105
392 249 264
654 136 250
847 206 73
953 828 406
844 968 492
93 782 440
476 778 407
625 421 684
430 657 541
92 336 551
635 461 494
408 728 200
37 382 856
146 285 117
582 599 866
255 859 949
588 779 910
249 713 409
891 828 207
663 678 964
612 659 581
989 662 463
769 822 307
488 181 277
208 440 692
731 900 174
189 407 581
972 464 806
366 471 863
534 295 132
725 207 628
834 129 145
412 515 131
86 506 225
652 369 805
373 896 859
968 920 171
971 746 489
55 955 511
190 467 699
732 980 212
193 149 454
414 181 496
799 145 432
433 778 301
908 660 749
742 218 869
979 696 863
530 951 418
606 142 856
173 477 717
562 556 939
780 193 74
598 526 845
487 710 735
465 667 477
52 924 439
372 951 973
385 638 540
721 950 542
792 287 886
810 613 920
451 175 903
319 257 691
338 863 959
174 71 902
322 384 956
925 782 369
169 826 365
334 548 849
622 959 542
664 247 898
706 79 321
195 451 170
840 784 700
505 18 719
711 309 508
489 279 2
984 366 957
824 273 782
318 369 835
990 785 3
165 735 515
278 105 470
196 220 439
681 776 413
702 421 934
729 42 145
83 389 541
381 366 549
472 307 706
526 808 338
457 155 58
335 955 203
695 420 923
698 409 751
953 445 170
684 335 580
634 267 358
994 911 385
447 726 299
551 572 248
873 190 571
29 775 969
96 531 37
794 498 508
834 389 18
366 475 629
584 343 340
19 566 715
828 986 874
366 132 884
159 450 488
65 692 441
202 705 705
378 732 751
326 85 843
239 451 464
476 251 360
793 114 825
549 130 220
432 330 87
546 237 414
257 766 657
920 202 732
860 17 544
730 167 895
459 767 973
891 942 694
178 194 377
483 674 853
564 602 609
34 339 619
791 209 245
633 73 903
21 957 545
654 584 334
710 473 260
899 291 441
518 308 451
924 537 173
800 720 793
835 816 60
166 940 520
575 209 905
287 141 674
741 363 166
495 277 765
864 420 110
446 600 822
3 520 629
616 652 934
780 276 670
755 490 682
56 662 775
387 289 682
902 541 914
472 807 493
562 358 956
232 173 645
558 938 195
470 776 253
885 901 360
218 751 2
18 369 791
700 932 1
301 54 235
57 585 56
747 245 159
919 721 361
231 350 31
66 227 575
242 255 275
764 79 579
1000 942 451
164 959 886
600 573 496
821 557 324
628 85 984
363 232 881
818 572 52
71 703 526
878 786 586
840 960 951
800 453 214
683 807 623
819 499 199
437 340 506
9 35 938
404 354 463
443 312 71
402 64 225
672 884 110
604 687 84
718 201 167
31 293 971
245 375 725
769 33 951
752 658 189
421 50 268
627 375 917
308 704 938
508 196 699
928 993 730
879 23 726
323 44 307
767 916 432
972 588 608
370 847 449
610 538 671
607 50 219
947 376 593
890 7 335
317 971 67
28 453 633
966 706 421
237 890 467
514 795 711
15 621 296
658 249 336
551 188 65
37 622 300
578 9 228
605 44 989
869 735 112
435 9 632
848 739 217
945 852 748
802 762 157
540 567 479
893 265 842
776 428 652
897 348 210
683 906 69
208 981 585
618 71 629
948 688 726
576 269 129
608 823 582
931 250 397
972 361 590
568 455 884
540 850 236
561 427 886
457 217 412
659 281 427
958 901 746
900 929 837
868 661 814
615 154 970
530 363 39
447 406 335
938 371 257
948 178 594
771 877 305
199 858 920
83 438 686
327 590 444
350 262 767
241 249 988
579 737 317
899 803 830
170 640 573
497 518 98
688 739 249
357 997 574
751 797 623
640 169 205
476 906 195
414 457 133
382 25 345
262 14 301
260 708 339
767 921 166
33 287 237
696 264 782
962 850 612
153 808 352
940 585 597
740 989 695
391 94 78
251 62 448
795 468 147
220 299 454
196 158 129
864 805 34
677 523 679
864 811 146
507 385 0
655 196 346
793 339 297
894 435 410
152 611 379
125 243 606
127 655 502
958 610 941
101 44 281
929 56 631
185 77 327
570 511 593
702 230 213
942 873 640
403 465 231
235 802 600
521 62 600
535 762 621
655 537 341
802 262 568
114 578 727
534 616 760
326 329 827
301 942 634
317 389 932
821 198 681
939 56 693
872 655 710
549 151 458
497 944 645
266 691 229
535 134 245
755 377 461
932 709 416
440 449 333
754 372 871
138 184 681
715 513 278
387 15 790
721 758 198
130 471 99
64 363 670
254 701 560
784 400 226
602 770 20
712 596 376
525 920 954
452 460 167
164 80 124
263 305 842
903 689 788
894 38 597
899 634 404
58 122 213
243 255 579
727 4 583
47 922 57
558 211 997
555 537 100
870 820 950
723 205 717
777 385 857
744 958 803
174 293 238
261 84 95
734 904 296
21 825 597
308 402 754
612 53 957
888 559 100
672 643 636
814 796 575
257 935 685
93 300 75
138 917 136
657 663 551
27 898 247
613 765 34
999 997 714
947 755 904
480 847 211
895 47 475
932 824 820
500 736 829
359 93 142
900 848 269
114 318 613
99 477 211
990 19 284
624 996 448
619 144 391
952 968 535
845 42 512
704 196 57
764 606 368
649 123 164
4 366 113
654 610 624
988 110 580
274 354 895
977 493 469
572 888 64
957 105 704
618 43 589
373 59 387
767 418 742
360 222 418
850 302 904
103 332 795
683 905 189
758 581 240
752 253 12
777 954 137
287 666 881
283 92 558
837 861 40
586 953 923
49 663 281
886 493 549
