C:\Users\studio25\Documents\tourists_trap\cmake-build-debug\prim.exe
506 384 0
506 897 53
506 507 156
384 146 336
384 385 346
384 637 540
146 145 97
145 46 2
145 284 117
145 34 232
46 921 57
46 894 475
921 134 74
921 920 362
134 133 41
134 684 225
134 251 269
133 534 245
133 132 504
534 535 281
535 395 280
395 558 198
395 394 265
395 214 269
395 599 334
558 270 64
558 887 100
558 929 262
558 559 367
270 271 97
271 272 136
887 888 31
887 664 49
887 571 64
887 884 161
887 319 265
888 831 359
664 316 226
664 665 249
664 460 490
664 663 605
316 970 67
316 315 74
316 317 234
316 8 329
970 427 38
970 852 232
970 971 461
427 426 118
426 425 116
971 972 304
972 973 251
315 314 185
8 577 228
577 576 273
577 578 397
578 736 317
736 735 156
571 817 52
571 550 248
817 816 695
550 551 11
550 187 65
187 186 97
884 900 360
884 885 506
885 886 261
929 928 177
928 451 9
928 980 163
928 55 631
451 459 167
451 452 197
459 458 154
452 799 214
980 981 16
980 979 42
980 192 74
981 565 189
981 166 345
981 982 882
565 95 301
95 530 37
530 62 115
530 569 259
530 529 286
62 61 216
61 60 338
60 758 331
60 59 771
569 570 248
569 568 590
529 362 39
529 528 73
362 740 166
362 204 267
362 363 651
740 739 26
740 429 163
739 738 43
739 517 252
738 737 47
738 847 217
738 687 249
847 899 269
899 730 174
730 733 174
733 741 4
733 903 296
733 734 535
741 11 73
741 742 333
11 12 78
11 439 333
12 708 77
708 707 358
707 259 339
259 399 56
399 398 114
399 783 226
399 400 544
783 348 161
783 782 258
783 784 318
348 711 1
711 712 2
711 710 442
712 593 244
710 795 23
782 781 305
784 989 3
989 18 284
18 19 60
18 17 425
19 792 156
19 20 458
792 168 35
792 793 221
792 338 297
792 791 535
168 169 182
168 639 205
168 825 365
169 170 151
170 171 147
170 870 177
870 871 297
871 872 196
871 802 264
872 873 99
872 954 213
872 107 290
954 955 113
954 953 166
954 334 203
955 258 337
953 776 137
953 909 444
909 461 151
909 759 419
909 908 452
461 382 186
382 383 16
759 119 185
759 760 210
759 350 304
759 158 352
119 118 43
119 13 266
13 564 59
13 261 301
13 14 472
564 563 600
261 262 503
14 620 296
350 349 32
349 230 31
230 231 268
231 232 352
232 688 297
908 907 125
907 125 573
334 333 116
107 106 66
107 108 442
106 105 657
108 109 411
109 110 129
110 619 331
110 111 569
639 542 207
542 541 11
541 540 317
825 824 6
825 88 634
824 823 120
338 339 316
338 337 341
338 520 487
338 33 619
339 340 250
339 289 394
340 361 27
361 360 31
361 94 242
289 798 42
798 811 116
520 519 463
519 518 878
20 21 184
20 956 545
21 22 111
22 23 482
17 16 208
16 15 24
439 440 101
439 448 333
440 942 43
440 28 99
440 401 389
942 941 261
28 341 289
28 454 421
28 29 561
341 810 271
810 809 30
810 863 146
863 804 34
863 419 110
863 864 342
804 803 144
804 805 173
804 660 247
805 820 115
805 376 233
805 806 389
820 159 195
820 556 324
820 80 332
820 819 350
820 821 351
820 797 500
159 396 407
396 547 19
396 397 228
396 862 490
862 861 310
556 555 244
80 79 30
80 66 183
79 163 124
163 162 279
162 917 180
162 388 333
917 495 192
495 940 107
495 494 388
940 274 329
274 273 470
388 833 18
388 387 256
388 389 508
833 128 145
128 129 162
129 470 99
129 548 220
470 471 171
821 768 307
821 857 334
768 767 117
767 651 238
651 785 20
651 652 100
651 220 608
785 877 586
652 509 305
652 653 434
509 510 358
510 511 325
653 135 250
653 583 334
135 136 308
583 342 340
583 582 658
857 124 36
797 72 4
797 796 61
72 949 176
419 418 149
418 417 344
417 598 71
417 416 940
598 403 235
598 597 282
403 404 499
597 596 54
416 415 501
454 453 898
29 30 224
30 47 656
30 31 848
401 402 112
401 63 225
402 464 231
464 463 86
463 462 722
448 447 247
447 902 467
742 743 222
743 632 215
743 744 403
632 635 16
632 285 86
632 633 152
635 634 235
635 998 411
998 999 157
998 160 325
998 997 458
160 161 403
285 839 151
839 838 43
839 24 116
839 840 626
24 592 86
24 381 345
592 591 37
381 380 165
380 379 262
380 226 380
379 378 231
226 225 165
225 590 238
225 990 376
990 991 504
991 747 31
991 992 53
840 841 654
633 266 358
633 898 404
266 267 273
267 268 69
268 269 67
268 575 129
268 985 208
269 828 314
828 537 334
828 827 355
537 96 34
537 832 644
96 97 214
827 890 207
985 986 201
985 984 542
986 987 121
987 978 152
978 977 345
977 87 178
87 364 66
364 151 60
151 150 58
151 610 379
151 893 399
893 434 410
984 983 327
744 233 66
744 745 372
233 976 130
976 308 162
976 975 473
308 307 446
307 306 326
306 305 559
975 974 657
745 746 321
746 244 159
244 763 206
244 245 597
244 374 725
763 762 218
763 605 368
762 386 299
762 477 458
477 476 362
476 98 211
98 99 492
605 181 242
181 497 374
497 855 344
855 854 453
855 856 878
245 246 315
903 904 56
904 682 189
682 905 69
682 478 645
905 475 195
905 906 344
475 474 258
475 250 360
474 473 94
473 472 55
472 709 260
472 36 275
36 37 179
36 621 300
36 35 338
35 147 43
35 455 83
734 868 112
734 164 515
868 869 149
868 867 779
867 866 30
687 686 100
686 603 84
686 829 284
603 604 98
603 602 242
604 722 318
722 721 421
517 496 98
429 344 129
429 428 177
429 656 541
363 933 105
528 527 125
166 167 88
979 731 212
731 732 296
731 377 751
192 779 74
192 148 454
192 191 705
779 780 78
779 778 310
778 777 110
777 432 301
432 431 106
432 433 204
431 329 87
431 420 204
431 430 355
329 328 108
329 330 281
420 49 268
420 421 384
49 48 50
49 606 219
48 662 281
48 331 308
662 212 339
662 771 528
212 761 90
761 801 157
761 753 188
753 754 170
754 489 682
489 490 154
771 772 502
772 812 566
331 481 249
331 561 318
481 482 100
481 480 391
482 483 64
482 714 202
483 484 415
483 786 474
484 485 85
484 808 330
808 807 231
807 525 338
807 152 352
525 524 375
525 526 469
524 523 447
152 493 333
493 492 62
492 491 171
786 787 456
787 788 520
714 554 220
714 512 278
714 715 461
714 713 870
554 536 100
536 923 173
536 654 341
923 922 100
923 924 213
923 51 439
924 925 399
925 926 404
926 927 208
51 52 96
51 50 380
52 53 51
52 822 465
53 300 235
53 54 352
300 301 191
301 302 362
302 303 120
303 304 33
822 86 600
654 672 63
654 195 346
654 126 502
654 655 518
672 671 21
672 581 81
671 883 110
883 410 319
883 882 566
410 409 113
581 391 296
391 390 76
391 248 264
390 93 78
93 92 355
92 299 75
92 358 142
92 91 148
358 359 571
359 221 418
221 579 678
91 335 551
335 336 276
336 748 0
748 749 62
248 249 335
248 657 336
249 930 397
657 751 189
751 752 10
751 252 12
195 703 57
195 157 129
195 194 234
195 695 409
157 156 69
156 185 143
194 450 170
450 449 406
450 238 464
238 237 115
237 830 21
695 694 125
695 696 413
694 693 265
693 692 425
693 324 514
692 649 197
649 650 657
324 323 432
696 112 13
112 113 11
113 114 744
114 115 833
715 716 314
716 717 240
717 200 167
200 199 292
480 479 311
479 846 211
846 205 73
846 845 131
846 369 449
845 844 325
844 75 135
75 76 360
76 184 327
184 356 131
184 183 489
356 355 68
356 357 234
355 354 336
183 182 417
369 368 135
368 367 281
367 366 229
561 562 414
561 560 652
562 210 81
210 211 236
210 209 338
210 198 609
209 208 679
208 790 245
606 607 312
433 318 203
318 179 156
179 180 81
180 487 277
180 218 369
180 413 496
487 944 250
487 486 419
944 943 88
218 219 276
413 414 5
413 456 133
413 961 235
456 154 58
456 457 331
456 216 412
154 155 34
154 153 759
216 215 697
961 960 281
961 345 354
960 959 256
959 958 432
958 957 23
345 346 448
148 149 481
559 435 244
435 436 321
436 794 194
436 437 369
794 467 147
794 141 255
467 876 134
467 466 237
876 770 305
876 875 489
770 769 437
769 601 20
875 626 234
875 874 707
626 627 323
466 750 179
750 217 2
750 255 346
255 256 267
255 203 338
256 143 275
256 934 685
143 144 198
143 618 391
618 617 223
934 935 478
935 936 627
203 202 291
141 6 94
141 691 236
141 142 860
6 5 200
6 891 212
6 7 307
6 889 335
5 4 168
4 3 31
3 2 80
3 365 113
3 726 583
2 1 189
1 257 161
1 938 456
1 0 575
257 546 221
546 765 12
546 858 74
546 545 140
858 56 337
56 584 56
56 57 76
584 585 443
585 586 15
586 587 39
57 121 213
545 544 254
545 236 414
545 165 419
938 937 164
938 939 383
937 557 195
937 370 257
557 659 634
370 371 60
939 104 44
104 277 470
277 276 386
276 275 462
891 892 137
891 90 265
90 931 96
90 89 226
931 699 1
931 932 140
699 698 144
699 818 299
698 697 277
697 501 241
501 595 22
501 500 346
501 127 523
595 594 135
500 343 243
343 774 95
774 775 125
774 773 416
774 609 484
775 469 253
775 848 347
775 680 413
469 468 435
848 849 28
848 661 262
849 539 236
849 850 293
539 566 479
566 567 119
661 988 463
988 234 204
234 235 298
234 912 367
912 911 337
680 681 251
609 608 729
818 498 199
498 499 3
498 674 485
674 675 31
674 673 246
675 676 65
676 800 389
676 522 679
522 521 105
932 969 199
691 690 200
691 64 441
690 265 229
690 689 277
265 264 83
264 263 245
689 724 15
724 723 144
724 123 314
723 332 439
64 65 559
214 412 101
214 213 191
412 411 61
411 514 131
514 515 138
514 513 700
515 516 807
213 193 337
599 677 216
132 131 496
131 130 435
684 683 191
684 859 293
684 685 455
859 860 227
859 327 252
860 628 2
860 836 40
628 629 95
629 630 492
630 631 221
836 835 10
836 837 700
327 312 172
327 326 374
312 311 89
312 313 339
311 442 71
311 310 324
442 443 298
442 441 584
443 444 224
444 445 96
444 952 170
445 446 275
445 826 428
445 851 586
446 725 299
446 405 335
446 553 343
725 223 108
223 224 191
223 222 497
222 865 365
405 532 165
532 531 373
553 552 39
952 965 215
952 951 288
952 372 334
965 964 27
951 950 389
950 465 376
372 139 144
372 814 195
372 58 387
372 373 463
139 138 90
139 140 319
138 543 230
138 137 247
137 916 136
916 915 50
915 914 81
914 422 15
914 913 313
422 423 526
423 424 274
140 645 158
140 679 305
645 646 158
645 644 195
646 647 41
647 648 152
648 122 164
644 643 180
644 574 251
643 503 185
643 642 401
503 206 221
503 502 267
503 504 381
206 207 376
207 702 201
702 701 187
702 77 229
701 229 213
229 228 400
228 227 423
227 853 473
77 78 338
78 667 138
78 705 321
667 668 263
667 666 455
668 669 189
669 670 46
705 704 216
705 706 626
704 201 705
504 296 55
504 505 193
504 197 199
504 549 411
296 295 66
295 320 49
295 294 483
320 321 286
321 407 55
321 322 83
407 406 14
407 727 200
407 408 567
322 43 307
43 100 281
43 44 598
44 45 135
294 293 119
294 533 132
505 85 225
85 84 21
85 81 409
84 83 57
83 260 95
83 82 398
260 963 361
963 352 84
963 962 341
963 71 480
352 351 12
352 353 13
71 70 173
70 947 250
70 69 413
947 946 149
947 948 612
946 945 267
946 375 593
69 68 712
68 67 53
197 196 113
642 641 18
641 640 334
640 616 413
616 615 303
615 614 372
614 613 43
613 612 33
612 764 34
612 611 358
574 573 64
573 572 31
573 843 145
843 101 379
101 102 82
679 678 496
678 789 505
814 842 54
814 813 476
814 815 498
815 834 60
373 117 562
117 116 900
310 309 357
313 40 0
40 39 58
40 41 405
39 38 15
41 728 145
41 42 391
728 729 269
729 600 464
42 120 105
120 10 52
120 996 157
10 9 530
9 638 392
996 995 50
995 994 250
995 623 448
994 993 566
993 910 385
623 624 109
623 622 181
624 625 79
326 325 9
326 580 88
326 589 444
325 239 174
580 757 240
580 297 287
757 756 20
757 176 36
757 720 198
756 755 214
176 177 175
176 175 221
177 178 199
175 174 254
174 173 50
173 172 231
173 292 238
173 901 489
292 291 51
292 700 79
291 290 234
700 253 560
720 719 66
720 918 361
719 718 655
918 919 121
919 967 171
967 966 20
967 968 183
966 247 654
297 298 331
589 278 124
589 588 300
278 488 2
278 279 204
278 188 320
279 280 284
280 658 427
188 189 214
189 190 190
920 766 166
920 103 294
894 74 533
74 73 615
284 288 182
284 283 355
288 287 221
287 286 657
286 32 237
283 282 460
282 281 9
637 636 459
637 438 565
897 896 142
897 26 247
896 347 210
896 880 315
896 895 368
880 879 253
880 881 786
879 878 137
895 393 302
393 392 97
392 538 265
26 27 153
26 25 481
25 242 17
242 241 73
242 243 126
241 240 144
241 254 275
507 508 120

Process finished with exit code 0
